chain,resi,p(bind)
A,153,0.76769555
A,437,0.5690951
A,386,0.5672337
A,387,0.530644
A,151,0.4447002
A,94,0.44033486
A,288,0.4055746
A,381,0.39783505
A,88,0.3939671
A,498,0.37402457
A,270,0.361727
A,499,0.33293086
A,93,0.30425504
A,436,0.29176638
A,378,0.2855928
A,374,0.26926744
A,388,0.26731747
A,379,0.2664292
A,289,0.26572138
A,384,0.24673967
A,154,0.24561986
A,390,0.22861895
A,385,0.21599005
A,268,0.20371534
A,394,0.19916318
A,95,0.18503691
A,149,0.18155111
A,305,0.15995131
A,267,0.15776393
A,438,0.15585794
A,155,0.15444857
A,160,0.14995657
A,152,0.14552991
A,157,0.14098054
A,156,0.13882402
A,376,0.13341914
A,287,0.12860885
A,400,0.1263802
A,41,0.12164119
A,164,0.113813914
A,391,0.11072836
A,497,0.10964313
A,150,0.10880579
A,269,0.103336334
A,397,0.102807805
A,410,0.10223284
A,272,0.10190253
A,392,0.096446335
A,147,0.095307566
A,63,0.09317083
A,377,0.08774258
A,290,0.0864305
A,487,0.08228989
A,158,0.08195313
A,338,0.07934272
A,96,0.07901098
A,76,0.0788313
A,441,0.07726608
A,44,0.076612376
A,375,0.07612329
A,417,0.075743616
A,411,0.075215496
A,306,0.0742017
A,380,0.07269941
A,413,0.07174688
A,304,0.06971202
A,264,0.069169044
A,159,0.06762279
A,393,0.06711354
A,503,0.06707134
A,82,0.06697704
A,303,0.06442997
A,481,0.063883655
A,46,0.06344464
A,479,0.06262884
A,85,0.0617727
A,43,0.06087941
A,266,0.060772177
A,74,0.059957974
A,286,0.05992864
A,382,0.059378576
A,472,0.05893696
A,148,0.058833588
A,89,0.0579267
A,75,0.05789664
A,68,0.057351213
A,69,0.057220746
A,399,0.057084907
A,371,0.056635994
A,434,0.05523644
A,285,0.05485078
A,383,0.052915
A,314,0.05281792
A,501,0.05150348
A,370,0.050727714
A,389,0.049797904
A,276,0.04938768
A,415,0.04858268
A,412,0.048061647
A,83,0.047819152
A,263,0.047769733
A,435,0.0476991
A,439,0.047057986
A,163,0.046252184
A,145,0.04605134
A,330,0.045253146
A,440,0.04523125
A,490,0.044403978
A,281,0.043784816
A,92,0.042688336
A,165,0.042670257
A,67,0.042184204
A,307,0.041848708
A,271,0.041272197
A,496,0.04120261
A,407,0.041083284
A,161,0.04059442
A,406,0.040535267
A,311,0.04020067
A,97,0.040009905
A,334,0.03922494
A,249,0.039009035
A,42,0.038899325
A,291,0.038483135
A,274,0.037540935
A,78,0.03738609
A,84,0.03706523
A,473,0.036724795
A,60,0.03669346
A,80,0.03647414
A,265,0.035809983
A,246,0.03557767
A,475,0.035005346
A,480,0.033580158
A,91,0.033340298
A,57,0.03291219
A,302,0.032609932
A,45,0.032046083
A,279,0.032031376
A,505,0.031879734
A,280,0.03154662
A,64,0.03138211
A,54,0.031129077
A,253,0.030711805
A,432,0.030664414
A,167,0.030115291
A,72,0.029939024
A,409,0.029865839
A,335,0.029762434
A,495,0.0296678
A,308,0.029529087
A,273,0.029286953
A,65,0.02920315
A,86,0.028839111
A,329,0.028738847
A,300,0.028672144
A,283,0.02839972
A,81,0.028206853
A,442,0.028122202
A,489,0.027778555
A,337,0.027712226
A,414,0.027174504
A,421,0.02685449
A,79,0.026613483
A,367,0.02658152
A,146,0.02645787
A,483,0.02624699
A,71,0.025900653
A,500,0.025865996
A,474,0.025770709
A,47,0.025717279
A,99,0.024630575
A,372,0.0240919
A,401,0.02391568
A,66,0.023563754
A,502,0.023151724
A,309,0.022904236
A,494,0.022735
A,339,0.0226418
A,77,0.02235062
A,166,0.021780003
A,507,0.021504715
A,162,0.021440556
A,430,0.020374985
A,445,0.019740472
A,301,0.019521588
A,477,0.019518645
A,277,0.019388033
A,443,0.019209938
A,238,0.019023206
A,395,0.018635256
A,336,0.018342787
A,70,0.018222589
A,468,0.017784338
A,509,0.01775549
A,419,0.017623639
A,356,0.016960464
A,373,0.016894698
A,233,0.01669764
A,488,0.016575392
A,485,0.016534038
A,357,0.01649239
A,310,0.015944099
A,73,0.015906436
A,49,0.015888436
A,355,0.015679618
A,317,0.015283244
A,292,0.0152611565
A,469,0.015207133
A,471,0.0152043495
A,275,0.01485357
A,364,0.014728143
A,418,0.014344047
A,259,0.014264263
A,455,0.014246868
A,467,0.014228938
A,408,0.014166572
A,100,0.014052372
A,448,0.014024394
A,351,0.013915674
A,245,0.013901124
A,62,0.013704512
A,293,0.013619625
A,368,0.013429158
A,416,0.013253543
A,326,0.013158087
A,369,0.012848964
A,405,0.012812562
A,284,0.012737199
A,316,0.012556266
A,361,0.012415358
A,352,0.012359227
A,98,0.0122471405
A,482,0.012225321
A,465,0.012117549
A,313,0.011946467
A,420,0.011869211
A,358,0.011672082
A,340,0.011644276
A,242,0.011638286
A,353,0.011276558
A,256,0.011223516
A,433,0.01111666
A,396,0.011017441
A,424,0.010884093
A,250,0.010786302
A,451,0.010781511
A,423,0.01061975
A,478,0.010463451
A,315,0.010428805
A,354,0.010127945
A,243,0.010052103
A,61,0.010045377
A,402,0.009841437
A,444,0.009670038
A,312,0.009446328
A,359,0.009111217
A,90,0.0090613635
A,398,0.009044351
A,318,0.008885109
A,87,0.008828145
A,493,0.00882528
A,476,0.008799606
A,282,0.008727107
A,322,0.00862908
A,333,0.0085838465
A,506,0.008487049
A,486,0.008394632
A,348,0.008391679
A,404,0.008390346
A,470,0.008214475
A,252,0.008199912
A,260,0.008059722
A,298,0.0077788434
A,325,0.007766369
A,426,0.007760033
A,464,0.0077274935
A,447,0.007655102
A,343,0.0075515606
A,366,0.007515598
A,422,0.0074149645
A,297,0.007365013
A,331,0.0072604916
A,144,0.007228786
A,350,0.0071931477
A,296,0.007150327
A,234,0.0071441955
A,510,0.00708941
A,239,0.0069889114
A,235,0.0069660447
A,504,0.0067341686
A,363,0.006635025
A,278,0.006541415
A,58,0.0065325587
A,247,0.00650545
A,294,0.0064096465
A,295,0.006302865
A,56,0.0062399996
A,456,0.0062350105
A,240,0.006149267
A,51,0.0060525434
A,508,0.0060359794
A,53,0.005778912
A,342,0.00575931
A,492,0.0057420246
A,59,0.005741015
A,463,0.005681339
A,101,0.0056695933
A,48,0.0055399276
A,349,0.0055196215
A,484,0.005423722
A,188,0.0053547104
A,431,0.0053510214
A,452,0.0053460444
A,466,0.004942036
A,236,0.004921317
A,143,0.004875251
A,142,0.004812189
A,446,0.0046689943
A,255,0.0045636934
A,251,0.004538658
A,460,0.004509561
A,491,0.004467602
A,450,0.0043622684
A,170,0.004298155
A,459,0.004255769
A,168,0.0042295363
A,237,0.0042151576
A,428,0.0042104525
A,321,0.004187677
A,299,0.0041347356
A,332,0.0040909946
A,187,0.004036954
A,320,0.004027385
A,184,0.0040231734
A,241,0.0040001357
A,244,0.003952921
A,173,0.003792353
A,248,0.00378988
A,174,0.0036662926
A,427,0.0036624833
A,461,0.0035734095
A,346,0.0035322944
A,189,0.0035154682
A,365,0.0033765035
A,462,0.0033512355
A,360,0.0033131435
A,457,0.0032138207
A,341,0.0031559677
A,429,0.0031333566
A,190,0.0029769707
A,458,0.0028744983
A,50,0.002870207
A,183,0.002781393
A,347,0.0027364306
A,186,0.0027240564
A,257,0.0026487012
A,362,0.0025915573
A,169,0.0025493877
A,181,0.002534881
A,425,0.0025326118
A,454,0.0024013517
A,328,0.0023351714
A,449,0.0022834572
A,55,0.0022777088
A,327,0.0021711325
A,319,0.0020368989
A,172,0.0019778109
A,254,0.0019500528
A,258,0.0019166351
A,177,0.0018587232
A,185,0.0018377957
A,344,0.0017861291
A,262,0.001625234
A,182,0.0015601865
A,403,0.0015515243
A,261,0.001481752
A,345,0.0013200332
A,324,0.0012784214
A,323,0.0012481195
A,176,0.0012122674
A,102,0.0011914298
A,141,0.0010911875
A,52,0.001066613
A,103,0.0010480992
A,175,0.0009931073
A,453,0.0008887308
A,179,0.0008015709
A,171,0.00079219067
A,178,0.00077634514
A,180,0.0006345305
