chain,resi,p(bind)
A,510,0.9999112
A,685,0.9992999
A,610,0.9440645
A,660,0.92115486
A,933,0.81833637
A,917,0.6715942
A,774,0.6530164
A,609,0.6401982
A,849,0.6362593
A,437,0.6347615
A,956,0.62951404
A,793,0.5879993
A,772,0.5827766
A,662,0.57622683
A,117,0.5698931
A,856,0.55673176
A,756,0.55413294
A,250,0.5302282
A,648,0.5158618
A,427,0.5157375
A,932,0.50539035
A,808,0.49849606
A,955,0.48970342
A,642,0.47835502
A,773,0.4728603
A,916,0.4695398
A,661,0.46391714
A,858,0.46191204
A,1047,0.45688102
A,428,0.45462865
A,520,0.4486997
A,920,0.4475671
A,612,0.4422079
A,919,0.43775225
A,839,0.43763027
A,834,0.43102533
A,441,0.4294602
A,196,0.42391258
A,755,0.41517487
A,954,0.4111796
A,951,0.410927
A,836,0.40960944
A,272,0.40873468
A,698,0.4017947
A,431,0.39929256
A,915,0.3990668
A,802,0.39887494
A,128,0.39441496
A,307,0.39327422
A,800,0.38987604
A,918,0.38695875
A,837,0.38513094
A,463,0.38239813
A,111,0.37842152
A,287,0.37646756
A,464,0.35928077
A,125,0.35383222
A,271,0.35052046
A,924,0.3496375
A,850,0.34323218
A,644,0.34055877
A,246,0.33981472
A,611,0.32397223
A,758,0.31942353
A,851,0.3163685
A,503,0.3137059
A,780,0.31274727
A,848,0.30915004
A,759,0.3035561
A,500,0.29687148
A,121,0.293681
A,914,0.2917075
A,136,0.29142797
A,461,0.2910152
A,459,0.28934795
A,139,0.2843836
A,606,0.2841933
A,275,0.2838227
A,776,0.2835423
A,432,0.28327546
A,617,0.28326946
A,259,0.27968055
A,633,0.27732095
A,957,0.27684477
A,78,0.2762141
A,818,0.2749421
A,702,0.2746198
A,131,0.27432916
A,811,0.27211615
A,439,0.2694336
A,805,0.26487184
A,666,0.26332563
A,87,0.25917736
A,486,0.25799242
A,614,0.25682777
A,647,0.25599974
A,810,0.25341186
A,462,0.24995893
A,302,0.24810457
A,443,0.24657391
A,778,0.2462058
A,905,0.2458369
A,165,0.2438212
A,281,0.24252859
A,922,0.24169871
A,815,0.24116813
A,643,0.24036473
A,794,0.23819049
A,452,0.23436637
A,477,0.23251182
A,952,0.23165569
A,80,0.2305092
A,1043,0.22936118
A,254,0.22784176
A,289,0.22781259
A,135,0.22678848
A,984,0.22636797
A,288,0.22620915
A,931,0.22514099
A,935,0.22237633
A,941,0.22097412
A,279,0.22073686
A,934,0.2206449
A,198,0.21718392
A,115,0.2164361
A,263,0.21562372
A,479,0.2146339
A,517,0.21413836
A,438,0.21386947
A,518,0.21376646
A,133,0.21365409
A,166,0.21116395
A,613,0.20906624
A,260,0.20829488
A,116,0.20820633
A,972,0.20754404
A,936,0.20702095
A,838,0.20530787
A,140,0.20313096
A,853,0.20059249
A,424,0.1998921
A,76,0.19925569
A,555,0.19920306
A,556,0.19637989
A,73,0.19624597
A,1050,0.19462681
A,560,0.19399549
A,74,0.19137885
A,511,0.1913505
A,754,0.19032484
A,913,0.18988396
A,252,0.18957499
A,814,0.18925984
A,852,0.18675269
A,847,0.18660986
A,770,0.18571413
A,775,0.18570487
A,93,0.18454982
A,904,0.18424198
A,939,0.18359415
A,960,0.18199722
A,928,0.17998365
A,937,0.17898704
A,343,0.17863487
A,454,0.17847344
A,961,0.17806725
A,113,0.17763485
A,854,0.17483665
A,1006,0.17454931
A,301,0.17428933
A,426,0.17345153
A,753,0.17344278
A,587,0.17273434
A,841,0.17267025
A,398,0.1718812
A,953,0.1713804
A,908,0.17074898
A,584,0.1704774
A,857,0.1689791
A,487,0.16868977
A,71,0.16844301
A,81,0.16812244
A,256,0.16795968
A,832,0.16531353
A,1005,0.16508728
A,257,0.16448604
A,285,0.16422105
A,1014,0.163188
A,419,0.16295817
A,251,0.16291332
A,72,0.16137435
A,842,0.16074243
A,154,0.16043207
A,835,0.16016924
A,127,0.16010149
A,959,0.15886429
A,663,0.1583382
A,843,0.15747839
A,840,0.15658353
A,699,0.15435217
A,255,0.15286243
A,143,0.15261845
A,455,0.15051097
A,752,0.14983854
A,305,0.14963064
A,83,0.14941193
A,70,0.14938514
A,303,0.1492557
A,859,0.14890839
A,705,0.14833146
A,930,0.14733678
A,605,0.1467817
A,1048,0.14561957
A,422,0.14493944
A,300,0.14441839
A,569,0.1433286
A,807,0.14323327
A,421,0.14291538
A,147,0.14250612
A,92,0.14162707
A,42,0.14160725
A,110,0.14082874
A,607,0.14061636
A,696,0.14023146
A,448,0.13843212
A,446,0.13763227
A,82,0.13676557
A,942,0.13616432
A,977,0.13542388
A,261,0.13521278
A,1010,0.13441509
A,457,0.13360812
A,590,0.13275445
A,466,0.13181137
A,449,0.13154256
A,489,0.13071465
A,683,0.12792481
A,123,0.12733367
A,522,0.12523149
A,706,0.1232429
A,608,0.122952566
A,440,0.12225804
A,124,0.12135841
A,846,0.12093401
A,433,0.119916715
A,1044,0.11965888
A,1007,0.11958609
A,258,0.118842244
A,1008,0.11845372
A,812,0.11833039
A,757,0.11785705
A,980,0.11616954
A,1002,0.1160909
A,1049,0.11592171
A,194,0.11554319
A,450,0.11543519
A,364,0.11539328
A,278,0.11472492
A,453,0.11467257
A,169,0.11455944
A,728,0.114330575
A,799,0.113679804
A,580,0.11275817
A,170,0.1126541
A,172,0.11111669
A,658,0.1097595
A,798,0.10908888
A,492,0.1086443
A,429,0.10810511
A,262,0.10804951
A,630,0.10768765
A,909,0.10754393
A,94,0.10684348
A,120,0.106466845
A,144,0.10560413
A,538,0.10557002
A,412,0.10511606
A,797,0.10494394
A,809,0.103685126
A,641,0.10295439
A,276,0.102311164
A,293,0.10226167
A,357,0.10160267
A,855,0.10095901
A,290,0.10071679
A,761,0.100633144
A,114,0.100264475
A,921,0.10020512
A,557,0.09995057
A,119,0.099812336
A,1021,0.09965102
A,270,0.09959287
A,401,0.0993871
A,99,0.09934741
A,589,0.09928768
A,197,0.0992216
A,306,0.09886191
A,639,0.098322466
A,1004,0.09740421
A,817,0.097074404
A,168,0.096605726
A,151,0.09642109
A,25,0.095379554
A,949,0.0951892
A,760,0.09469911
A,347,0.09442387
A,425,0.0940625
A,102,0.093841664
A,363,0.09365477
A,84,0.093178995
A,458,0.09300949
A,253,0.09289006
A,713,0.09285481
A,649,0.09265434
A,652,0.09244727
A,355,0.09230551
A,79,0.092047766
A,574,0.09108184
A,399,0.0909402
A,404,0.09074574
A,292,0.090508
A,294,0.090269975
A,516,0.08958849
A,710,0.08935134
A,645,0.089001104
A,844,0.08865823
A,588,0.088122986
A,709,0.088072196
A,118,0.0880352
A,632,0.087836176
A,225,0.0875862
A,634,0.08716426
A,408,0.087007105
A,435,0.08691036
A,228,0.08685375
A,519,0.086834766
A,475,0.08681852
A,447,0.0866877
A,1046,0.08636027
A,112,0.08628249
A,514,0.085677855
A,669,0.0855821
A,298,0.08536434
A,109,0.085125946
A,434,0.085039034
A,592,0.08498624
A,173,0.08440015
A,697,0.08417422
A,819,0.08410902
A,816,0.084061906
A,126,0.08370244
A,1009,0.08352395
A,436,0.08328725
A,806,0.082846545
A,430,0.08258813
A,673,0.082200006
A,813,0.08147203
A,195,0.08115193
A,833,0.0811125
A,596,0.08033352
A,504,0.08022856
A,513,0.080152325
A,199,0.08014496
A,77,0.07998428
A,506,0.07991385
A,862,0.079484865
A,467,0.079342596
A,657,0.07895449
A,403,0.07867499
A,570,0.07812783
A,264,0.07797649
A,410,0.077955276
A,600,0.0777222
A,787,0.077489085
A,871,0.07705538
A,1013,0.076965764
A,192,0.07676369
A,670,0.07653805
A,162,0.076423556
A,460,0.075633876
A,631,0.07532943
A,167,0.07512051
A,75,0.0749235
A,247,0.07483648
A,768,0.074662216
A,122,0.07452987
A,409,0.07400143
A,274,0.07364817
A,286,0.073634736
A,405,0.073347025
A,217,0.07315906
A,950,0.072944276
A,296,0.072122276
A,265,0.07150664
A,1012,0.07133228
A,792,0.071283765
A,695,0.071010165
A,456,0.07055835
A,861,0.070356555
A,407,0.07018943
A,89,0.070142984
A,998,0.07013343
A,345,0.06983673
A,420,0.06961586
A,163,0.06960217
A,224,0.069594584
A,926,0.06926214
A,573,0.06849893
A,423,0.06744803
A,821,0.067240894
A,872,0.06724014
A,565,0.066963814
A,1018,0.06673265
A,297,0.066277325
A,593,0.0661085
A,150,0.06610804
A,692,0.06605088
A,1000,0.06578595
A,912,0.06555947
A,442,0.06545875
A,603,0.06504085
A,397,0.06476657
A,1011,0.06447439
A,947,0.06429799
A,69,0.06374996
A,358,0.06330123
A,664,0.06329809
A,100,0.06319812
A,782,0.062996484
A,444,0.0625709
A,771,0.062121235
A,98,0.062099375
A,940,0.062058505
A,783,0.06145573
A,925,0.061441276
A,804,0.060745403
A,938,0.06045093
A,700,0.060160764
A,653,0.060107257
A,129,0.060014818
A,95,0.05990131
A,496,0.0598497
A,674,0.05955747
A,465,0.05947643
A,362,0.059013378
A,801,0.058901433
A,911,0.0587469
A,552,0.058538105
A,646,0.058275603
A,860,0.05804495
A,365,0.05748133
A,221,0.057437185
A,86,0.057427477
A,418,0.057416894
A,981,0.057162818
A,524,0.05715734
A,618,0.05696774
A,621,0.0567234
A,96,0.056714486
A,637,0.056660403
A,26,0.056551777
A,1015,0.056378365
A,822,0.056279458
A,478,0.054992676
A,701,0.054194015
A,682,0.053843927
A,9,0.053552832
A,284,0.05330301
A,604,0.0531213
A,468,0.05310662
A,680,0.05300685
A,344,0.052545276
A,691,0.05242189
A,777,0.05232899
A,283,0.05209428
A,620,0.05152728
A,105,0.051122192
A,712,0.05083925
A,586,0.050581098
A,997,0.049725424
A,943,0.049623508
A,1001,0.04925227
A,249,0.04911823
A,665,0.049072593
A,751,0.04877185
A,370,0.04862738
A,785,0.048576817
A,627,0.048555832
A,796,0.04853122
A,845,0.048430078
A,508,0.04825859
A,907,0.048221353
A,629,0.04808067
A,672,0.047805868
A,218,0.047452517
A,146,0.047308326
A,521,0.047238722
A,523,0.047158856
A,667,0.047153406
A,650,0.04710946
A,579,0.04699593
A,229,0.046875276
A,539,0.046536453
A,6,0.046323795
A,369,0.04632018
A,267,0.04631275
A,346,0.045906324
A,507,0.045885634
A,874,0.045828756
A,160,0.045433395
A,553,0.045386337
A,622,0.04537174
A,499,0.045013852
A,339,0.045012787
A,591,0.044176202
A,543,0.04394218
A,676,0.043908518
A,901,0.04389041
A,615,0.043767963
A,476,0.043696083
A,372,0.04364059
A,374,0.04312236
A,999,0.04287894
A,402,0.04286133
A,471,0.042821452
A,929,0.04278325
A,137,0.04277624
A,23,0.04257478
A,582,0.042258684
A,923,0.042193085
A,1016,0.04217023
A,1003,0.04193515
A,900,0.04189164
A,474,0.0416976
A,602,0.04147596
A,985,0.04101096
A,906,0.04088372
A,91,0.0408713
A,473,0.040680435
A,361,0.040641125
A,11,0.040491395
A,896,0.040479038
A,334,0.040303092
A,400,0.04017836
A,469,0.0398882
A,157,0.039803807
A,273,0.039782226
A,731,0.039628204
A,232,0.03944687
A,291,0.03937566
A,577,0.03923587
A,184,0.039167497
A,594,0.03880728
A,1017,0.038336888
A,803,0.038173135
A,870,0.038055565
A,351,0.038021382
A,491,0.037826415
A,85,0.03748052
A,781,0.03734203
A,688,0.037097707
A,831,0.037011452
A,7,0.037002176
A,190,0.036807433
A,971,0.036690157
A,233,0.036586076
A,451,0.036431037
A,626,0.03634503
A,130,0.036315598
A,445,0.036167495
A,1039,0.03612968
A,336,0.036094867
A,899,0.036078446
A,583,0.03586898
A,49,0.035468824
A,559,0.035303082
A,216,0.035203636
A,578,0.035126135
A,996,0.035122126
A,964,0.034917787
A,171,0.03482021
A,686,0.034668386
A,304,0.0346463
A,1025,0.03451639
A,668,0.034437843
A,280,0.034395546
A,679,0.03431476
A,616,0.034077603
A,789,0.033945326
A,628,0.033933062
A,825,0.03367687
A,866,0.033612967
A,988,0.033331636
A,581,0.033321574
A,903,0.03331284
A,640,0.033293664
A,897,0.033264488
A,132,0.03301864
A,693,0.032830447
A,598,0.03265308
A,310,0.03216337
A,68,0.031914726
A,694,0.031677738
A,601,0.03161689
A,820,0.031606745
A,1045,0.031452
A,41,0.031386327
A,299,0.031181999
A,568,0.030842183
A,902,0.030709986
A,671,0.030592866
A,483,0.030529216
A,65,0.03044563
A,944,0.03028475
A,207,0.030239383
A,659,0.030155813
A,417,0.030102098
A,571,0.03005977
A,1026,0.029931623
A,181,0.029931001
A,488,0.029919352
A,204,0.029757004
A,1042,0.029551307
A,540,0.029359544
A,729,0.029149238
A,636,0.029145759
A,205,0.029084548
A,43,0.028892593
A,625,0.02887368
A,350,0.028783722
A,502,0.028667582
A,823,0.028335145
A,220,0.02824317
A,371,0.028214848
A,46,0.028087575
A,910,0.028046321
A,1019,0.02804241
A,378,0.02801822
A,750,0.027980391
A,498,0.027895913
A,958,0.02777384
A,575,0.027771119
A,341,0.027585402
A,585,0.027582405
A,141,0.027524617
A,1024,0.027480636
A,527,0.027468901
A,551,0.027401049
A,366,0.027259346
A,512,0.02696696
A,380,0.026959864
A,269,0.026956158
A,1022,0.02692933
A,687,0.026670542
A,684,0.026653768
A,359,0.02647893
A,515,0.026340386
A,762,0.026293417
A,619,0.02618087
A,22,0.026168138
A,193,0.025843617
A,148,0.02569325
A,230,0.025647521
A,312,0.025598425
A,748,0.025532253
A,349,0.025483856
A,416,0.025359841
A,769,0.025349777
A,309,0.025219379
A,333,0.025147803
A,36,0.025144583
A,62,0.025062008
A,206,0.025029318
A,10,0.024965703
A,675,0.02486488
A,138,0.024667155
A,235,0.024623232
A,107,0.024576893
A,549,0.024463966
A,282,0.024422714
A,470,0.024347764
A,689,0.024229646
A,396,0.024127167
A,142,0.02404269
A,548,0.023703083
A,566,0.023687128
A,353,0.023647826
A,277,0.023611845
A,873,0.023610642
A,1040,0.023392586
A,703,0.023140226
A,88,0.023008188
A,164,0.02300239
A,155,0.022988183
A,708,0.022912743
A,554,0.02259571
A,720,0.022573862
A,678,0.022507511
A,202,0.022450574
A,567,0.022385793
A,245,0.022374514
A,677,0.022325076
A,8,0.02222736
A,623,0.022088544
A,373,0.022057543
A,744,0.021991372
A,564,0.021832354
A,352,0.021726139
A,481,0.0216376
A,413,0.021607297
A,530,0.02152426
A,736,0.021507064
A,383,0.021466218
A,976,0.021453323
A,863,0.021335473
A,379,0.021129422
A,597,0.021023896
A,327,0.02091276
A,638,0.020768821
A,890,0.0206342
A,732,0.020625062
A,654,0.020520832
A,161,0.020478116
A,563,0.020391496
A,101,0.020374697
A,509,0.020374464
A,24,0.020355338
A,322,0.020268416
A,1020,0.019943774
A,889,0.01990091
A,311,0.019792309
A,707,0.019776668
A,635,0.019751674
A,209,0.019726826
A,411,0.019595787
A,558,0.01949439
A,711,0.019298255
A,948,0.019044155
A,16,0.018999461
A,747,0.01896028
A,90,0.018904084
A,534,0.018725207
A,243,0.018717637
A,743,0.018445885
A,735,0.018430127
A,342,0.018389342
A,765,0.018344741
A,576,0.018210117
A,348,0.018199565
A,779,0.018138608
A,651,0.018095734
A,314,0.018059872
A,927,0.018020466
A,572,0.017937452
A,28,0.01789121
A,14,0.017820107
A,386,0.017773928
A,727,0.017678076
A,987,0.017454648
A,895,0.017373491
A,149,0.017268112
A,561,0.0171595
A,830,0.016999766
A,876,0.01696362
A,595,0.01693019
A,211,0.016910989
A,180,0.016878216
A,394,0.016873945
A,248,0.016763005
A,892,0.016729834
A,356,0.016685361
A,234,0.016662322
A,704,0.016643323
A,392,0.016597949
A,716,0.016526604
A,965,0.016432362
A,375,0.016353056
A,156,0.01623076
A,656,0.016227365
A,178,0.016142948
A,550,0.01610425
A,393,0.015994182
A,40,0.015953304
A,389,0.01586449
A,869,0.015850002
A,406,0.015807424
A,541,0.015784524
A,472,0.015688702
A,367,0.015619818
A,226,0.01550779
A,159,0.015503742
A,945,0.015500686
A,106,0.015494575
A,242,0.015416697
A,134,0.015411841
A,824,0.015370377
A,177,0.015283862
A,531,0.015280331
A,505,0.0150834555
A,962,0.014828214
A,767,0.014794773
A,223,0.014553753
A,1035,0.014484972
A,1028,0.014449163
A,991,0.014446299
A,497,0.014358664
A,795,0.014275652
A,45,0.014127387
A,1023,0.014082111
A,20,0.014055695
A,63,0.014006834
A,227,0.0139486715
A,66,0.013916401
A,867,0.013894204
A,994,0.013892218
A,213,0.013891276
A,893,0.013674646
A,877,0.013584438
A,313,0.013492925
A,788,0.013415272
A,29,0.013352478
A,174,0.013220675
A,15,0.013135789
A,185,0.013017758
A,381,0.013007076
A,415,0.013000284
A,826,0.012968226
A,268,0.012850579
A,387,0.012786895
A,104,0.012725524
A,1027,0.012692664
A,493,0.012652226
A,175,0.012622126
A,340,0.012614967
A,56,0.012382228
A,764,0.012371333
A,898,0.012308187
A,542,0.0122510055
A,377,0.012172997
A,210,0.012129102
A,484,0.012105158
A,1038,0.012095867
A,749,0.012062943
A,103,0.012053603
A,738,0.012048312
A,545,0.012005682
A,719,0.011988833
A,690,0.011886258
A,1041,0.011884544
A,57,0.0118048405
A,599,0.011791537
A,27,0.011761554
A,328,0.01164926
A,239,0.011639103
A,266,0.011592488
A,200,0.011473366
A,338,0.0114591345
A,978,0.011444339
A,153,0.011427229
A,182,0.011409896
A,537,0.01138683
A,61,0.011328175
A,231,0.0111957425
A,829,0.011138145
A,982,0.011117283
A,30,0.011094263
A,995,0.011082377
A,480,0.011026002
A,655,0.011004517
A,717,0.010987139
A,714,0.010911083
A,38,0.010815137
A,865,0.010786257
A,39,0.010781149
A,360,0.010673674
A,215,0.010670894
A,37,0.010640779
A,64,0.010631395
A,494,0.010619906
A,983,0.010598837
A,970,0.010589926
A,881,0.010554328
A,791,0.010446594
A,495,0.010385501
A,108,0.010356195
A,35,0.010312237
A,97,0.01031031
A,766,0.0102834515
A,34,0.010139855
A,145,0.010132501
A,382,0.010048137
A,790,0.0100241415
A,885,0.009996917
A,739,0.009982651
A,203,0.009738965
A,214,0.009720054
A,973,0.0096016405
A,963,0.009591104
A,47,0.009556673
A,529,0.009546591
A,326,0.009454734
A,536,0.009414924
A,48,0.009414763
A,990,0.009361708
A,31,0.009335856
A,562,0.009066542
A,784,0.0090214815
A,546,0.00902045
A,12,0.00898387
A,746,0.008911333
A,376,0.008911211
A,734,0.008891948
A,332,0.008873779
A,179,0.008851524
A,335,0.008753796
A,337,0.00873743
A,733,0.008622935
A,191,0.008453186
A,786,0.008449636
A,58,0.0084072715
A,390,0.008342246
A,329,0.008328268
A,891,0.008292672
A,741,0.008219056
A,17,0.008218329
A,188,0.008117327
A,868,0.008052937
A,395,0.0080400305
A,222,0.008009637
A,308,0.008004626
A,21,0.008001999
A,325,0.007972461
A,880,0.007928402
A,533,0.007927982
A,1029,0.007860933
A,490,0.007860625
A,414,0.007852545
A,354,0.007832813
A,295,0.007815231
A,60,0.0077591483
A,724,0.007605027
A,50,0.007576284
A,979,0.0075723515
A,968,0.007541718
A,547,0.0075041214
A,544,0.007500021
A,482,0.0074960645
A,13,0.0074439254
A,44,0.00723638
A,1036,0.007229252
A,158,0.007027633
A,989,0.0070270407
A,535,0.0069716214
A,681,0.0068609314
A,501,0.0067599406
A,385,0.0066618435
A,715,0.006551531
A,330,0.006527946
A,331,0.0064527015
A,532,0.006413583
A,993,0.0063781077
A,485,0.00633812
A,59,0.006203758
A,187,0.0061569153
A,323,0.0061537214
A,368,0.0061002183
A,828,0.0060753305
A,152,0.0060546263
A,388,0.0058384663
A,528,0.005798902
A,763,0.0057459977
A,888,0.005688571
A,992,0.0056275185
A,875,0.0054744594
A,974,0.0054017813
A,208,0.005341396
A,624,0.0053398055
A,32,0.0052471654
A,525,0.0052061244
A,52,0.0051977397
A,189,0.0051957234
A,18,0.005136428
A,884,0.0050193137
A,742,0.0050169355
A,236,0.004984199
A,237,0.0049297754
A,186,0.004872365
A,864,0.0047718287
A,53,0.0047588525
A,730,0.004677263
A,55,0.004635107
A,324,0.0046107997
A,1030,0.004609491
A,212,0.0045670415
A,244,0.004461415
A,894,0.0044349944
A,240,0.0044307397
A,721,0.004372005
A,725,0.004353184
A,391,0.0043110885
A,384,0.0042757634
A,946,0.0042730807
A,201,0.0042616776
A,975,0.0040897126
A,54,0.0039383974
A,723,0.0038695254
A,67,0.0038399384
A,745,0.0038163608
A,176,0.0037903285
A,1037,0.0037276219
A,238,0.0037140204
A,526,0.0036529326
A,33,0.0035803367
A,883,0.0035688672
A,19,0.0034710765
A,986,0.0032791593
A,827,0.003261169
A,1032,0.003258645
A,183,0.0031996414
A,969,0.003146374
A,51,0.0029720822
A,241,0.002896661
A,886,0.002858897
A,966,0.0028316327
A,967,0.002699389
A,1031,0.002640952
A,219,0.0025018132
A,887,0.002153245
A,718,0.0020599302
A,878,0.001995908
A,740,0.0019418612
A,722,0.0018634436
A,737,0.0017766166
A,726,0.0016070849
A,1034,0.0014956532
A,879,0.0014612407
A,882,0.0013950206
A,1033,0.0013104965
