chain,resi,p(bind)
A,581,0.5815671
A,157,0.5430487
A,647,0.5311845
A,400,0.49920732
A,538,0.48791912
A,334,0.48657808
A,582,0.48152485
A,648,0.45365888
A,535,0.44345424
A,407,0.41969037
A,539,0.4169825
A,155,0.40264487
A,583,0.39542192
A,579,0.3633973
A,118,0.36167437
A,960,0.35891876
A,216,0.34836394
A,138,0.344163
A,154,0.3401752
A,158,0.3331642
A,580,0.32807437
A,156,0.32132602
A,897,0.31599152
A,370,0.31596404
A,898,0.31052035
A,542,0.30686754
A,116,0.3026628
A,333,0.30032137
A,644,0.29954934
A,893,0.29512748
A,584,0.2824261
A,331,0.27597246
A,137,0.2487256
A,218,0.2477957
A,585,0.24572916
A,586,0.24474655
A,891,0.2368839
A,366,0.2344435
A,131,0.23009196
A,141,0.22771947
A,655,0.2238416
A,896,0.20893471
A,393,0.20272571
A,318,0.20159163
A,849,0.20128328
A,895,0.20080411
A,957,0.18995497
A,306,0.18939012
A,651,0.18834087
A,527,0.18778631
A,332,0.18693599
A,345,0.1866363
A,135,0.18628176
A,357,0.18471596
A,183,0.18388803
A,1040,0.18356101
A,132,0.18279165
A,355,0.18215215
A,405,0.17833224
A,650,0.17595397
A,1032,0.17562772
A,347,0.17550325
A,963,0.17418231
A,153,0.1705849
A,117,0.16670886
A,1043,0.16633976
A,335,0.16579814
A,353,0.16496703
A,337,0.16436902
A,556,0.16417001
A,646,0.16289312
A,343,0.15721174
A,307,0.15646978
A,892,0.15307441
A,962,0.15061706
A,214,0.14865804
A,541,0.14858136
A,215,0.1450422
A,397,0.14451452
A,160,0.14292191
A,534,0.14265099
A,1035,0.14066759
A,359,0.13997598
A,139,0.13979863
A,210,0.13776918
A,289,0.13660237
A,336,0.13433936
A,537,0.13342147
A,129,0.13233595
A,578,0.13135347
A,349,0.13115214
A,398,0.13003531
A,369,0.12685592
A,324,0.12652081
A,873,0.12650986
A,142,0.124672525
A,342,0.12331215
A,305,0.12303383
A,965,0.12261474
A,308,0.121822305
A,532,0.12108092
A,373,0.12056905
A,310,0.11893355
A,348,0.11553577
A,133,0.114907034
A,640,0.11485799
A,935,0.11364396
A,120,0.11242776
A,850,0.112395905
A,557,0.11069549
A,969,0.11021269
A,780,0.10848352
A,136,0.108473904
A,677,0.10647633
A,529,0.105311856
A,577,0.10480202
A,150,0.10404263
A,358,0.1034426
A,286,0.103402145
A,870,0.10330106
A,362,0.10286637
A,309,0.10007085
A,371,0.099479444
A,900,0.09932963
A,889,0.09905728
A,354,0.09794192
A,890,0.097469375
A,805,0.0957181
A,356,0.094651684
A,396,0.09404044
A,211,0.092099905
A,819,0.08973118
A,739,0.08961697
A,804,0.08930375
A,553,0.08915912
A,312,0.08906285
A,162,0.088727966
A,953,0.08823447
A,360,0.08781571
A,662,0.087341264
A,845,0.08719796
A,543,0.086953916
A,322,0.08684317
A,967,0.08654811
A,803,0.08614031
A,783,0.085844904
A,846,0.08579029
A,368,0.08575094
A,851,0.08546961
A,119,0.085445434
A,168,0.08462951
A,536,0.084145196
A,560,0.08397771
A,589,0.08203746
A,643,0.078048274
A,528,0.07755896
A,782,0.07704936
A,576,0.07593689
A,987,0.074907385
A,555,0.07351223
A,645,0.07322437
A,968,0.07251332
A,159,0.071683325
A,567,0.07163537
A,894,0.071472995
A,341,0.07121398
A,762,0.06993833
A,531,0.06878104
A,143,0.0682368
A,740,0.06808689
A,738,0.06767622
A,122,0.066777535
A,311,0.06665256
A,587,0.06648827
A,1041,0.06630185
A,320,0.06609959
A,765,0.06559265
A,631,0.06556348
A,966,0.06487185
A,304,0.06333297
A,956,0.06305027
A,988,0.062983446
A,152,0.062678255
A,802,0.062113676
A,951,0.06203085
A,801,0.060860105
A,552,0.06082447
A,294,0.06075261
A,161,0.060425207
A,520,0.05785605
A,164,0.057667773
A,573,0.056425795
A,663,0.056296457
A,904,0.056238852
A,114,0.056004986
A,909,0.055321444
A,959,0.055013333
A,742,0.054843895
A,634,0.054772194
A,144,0.054621693
A,888,0.05415178
A,121,0.053456407
A,219,0.052938044
A,299,0.052358933
A,743,0.05210056
A,755,0.052056987
A,367,0.05179316
A,806,0.051718835
A,339,0.05113714
A,763,0.05079277
A,876,0.05069902
A,290,0.050562415
A,402,0.049565203
A,350,0.04902006
A,649,0.048837595
A,638,0.048715074
A,835,0.048396416
A,149,0.04819899
A,130,0.04817117
A,722,0.048056826
A,723,0.04797071
A,779,0.047869038
A,759,0.047668733
A,540,0.047641844
A,545,0.047561232
A,113,0.047469776
A,942,0.046542883
A,212,0.046489418
A,1006,0.046212632
A,654,0.04571859
A,928,0.04556576
A,628,0.045009803
A,115,0.044472
A,992,0.04437832
A,624,0.044342462
A,642,0.04419015
A,842,0.043761265
A,217,0.043291725
A,659,0.043289043
A,319,0.043271694
A,134,0.042972904
A,744,0.04295641
A,848,0.042866614
A,751,0.042841345
A,847,0.042578015
A,406,0.042542756
A,989,0.04246429
A,927,0.042283084
A,330,0.042272814
A,301,0.04224541
A,901,0.04210365
A,364,0.042043313
A,386,0.0419724
A,572,0.04192355
A,213,0.041728962
A,899,0.041694846
A,737,0.041252088
A,288,0.04115034
A,736,0.041149165
A,365,0.041026924
A,326,0.04094314
A,128,0.040794346
A,565,0.040674847
A,551,0.040672652
A,949,0.040354125
A,748,0.040061805
A,964,0.039665353
A,641,0.03955296
A,123,0.03951882
A,652,0.039505158
A,1036,0.03927179
A,855,0.0392677
A,907,0.039180562
A,938,0.03917449
A,741,0.039106842
A,588,0.038967818
A,140,0.03895377
A,346,0.03892749
A,575,0.03890376
A,165,0.038638562
A,344,0.0383525
A,874,0.0380543
A,361,0.037868313
A,799,0.037638918
A,630,0.03711249
A,1047,0.03699393
A,112,0.0365119
A,861,0.036492903
A,558,0.035955686
A,991,0.03587265
A,530,0.03581287
A,859,0.035785127
A,869,0.035634156
A,167,0.03554019
A,570,0.035513517
A,776,0.035505768
A,747,0.03545012
A,821,0.03533448
A,377,0.03524243
A,151,0.03508259
A,885,0.03498544
A,374,0.034852397
A,787,0.034821328
A,856,0.034650695
A,832,0.034578536
A,626,0.034347497
A,868,0.03414953
A,172,0.033840302
A,660,0.03378848
A,574,0.03358114
A,657,0.033571005
A,769,0.03341492
A,800,0.033323634
A,830,0.03320667
A,351,0.033197287
A,399,0.032478634
A,902,0.032319933
A,635,0.03206726
A,661,0.031979192
A,297,0.031951584
A,602,0.0317214
A,1038,0.03134243
A,627,0.0313372
A,852,0.0313348
A,817,0.0312828
A,1031,0.031155625
A,766,0.031122321
A,315,0.031013643
A,378,0.031004561
A,955,0.030531108
A,125,0.030505989
A,653,0.030502772
A,372,0.03045328
A,169,0.030373266
A,321,0.030182147
A,678,0.030154048
A,340,0.030060561
A,523,0.029904116
A,872,0.029653903
A,732,0.029636607
A,171,0.029620526
A,1044,0.029179426
A,961,0.029139247
A,323,0.029088508
A,594,0.029083457
A,559,0.029040528
A,954,0.028968569
A,1008,0.028808739
A,680,0.028501593
A,781,0.028327309
A,934,0.028254084
A,325,0.028051807
A,970,0.028001973
A,533,0.027943615
A,408,0.027905846
A,794,0.027630337
A,363,0.027524885
A,127,0.027120229
A,807,0.026913939
A,930,0.026664946
A,298,0.026657715
A,148,0.026636738
A,877,0.026402975
A,1070,0.026336368
A,632,0.026281884
A,1039,0.026278527
A,1071,0.026243107
A,903,0.026091026
A,1037,0.025927512
A,831,0.025736198
A,871,0.025707934
A,786,0.0255477
A,1042,0.02538408
A,948,0.025340155
A,636,0.02517302
A,590,0.024847556
A,199,0.024735961
A,735,0.024562713
A,881,0.024494564
A,820,0.024470033
A,761,0.024381246
A,524,0.024156071
A,392,0.023918318
A,778,0.02385886
A,905,0.023793288
A,884,0.023766344
A,606,0.02372305
A,1050,0.023590392
A,637,0.02351028
A,952,0.023468645
A,328,0.023382004
A,613,0.023335448
A,854,0.023320828
A,111,0.023299655
A,633,0.023118008
A,785,0.02308555
A,625,0.02260373
A,860,0.022530602
A,591,0.02249505
A,292,0.022480927
A,338,0.022453515
A,887,0.022176182
A,921,0.021990096
A,941,0.021952795
A,906,0.021712784
A,990,0.021651782
A,875,0.021575449
A,514,0.021553492
A,768,0.021510795
A,658,0.021344714
A,858,0.021282347
A,947,0.021234931
A,550,0.021193318
A,317,0.020996694
A,521,0.020957284
A,918,0.020952363
A,327,0.020909714
A,609,0.02089646
A,790,0.020806316
A,182,0.02077308
A,146,0.020720465
A,544,0.020669064
A,166,0.020583287
A,1020,0.02045493
A,302,0.020417059
A,174,0.020391848
A,813,0.020267885
A,561,0.020232726
A,607,0.020128153
A,568,0.020041095
A,811,0.01991904
A,1045,0.019887224
A,401,0.01981928
A,717,0.019725606
A,110,0.019607425
A,629,0.019546662
A,383,0.019328639
A,853,0.019199066
A,1034,0.019175235
A,639,0.019154511
A,784,0.019140277
A,810,0.019135159
A,866,0.01912969
A,674,0.019008819
A,721,0.018932106
A,838,0.01892272
A,562,0.018916696
A,163,0.018780818
A,1033,0.018523637
A,1028,0.018468678
A,571,0.018239418
A,679,0.018211957
A,608,0.018204499
A,673,0.018110923
A,929,0.018024212
A,173,0.017935166
A,1007,0.017906064
A,184,0.017864017
A,1068,0.017798413
A,939,0.01777198
A,666,0.017600011
A,314,0.017489946
A,610,0.017452588
A,546,0.017451966
A,563,0.017430035
A,303,0.017169723
A,886,0.01711619
A,512,0.017031062
A,834,0.017006086
A,549,0.01695702
A,519,0.016819442
A,676,0.016791921
A,772,0.016736893
A,508,0.016638929
A,883,0.0166362
A,176,0.016595848
A,1004,0.016496474
A,313,0.016487015
A,758,0.01640447
A,829,0.016368095
A,177,0.01630683
A,994,0.016296523
A,181,0.016265135
A,682,0.015985547
A,924,0.015928112
A,293,0.015916165
A,187,0.01582007
A,620,0.01568092
A,958,0.01560628
A,376,0.015550873
A,300,0.015512362
A,1055,0.015396532
A,775,0.015378765
A,525,0.015269602
A,733,0.015256471
A,569,0.01521442
A,517,0.015146604
A,126,0.015119881
A,501,0.015100097
A,750,0.0150446
A,329,0.014919884
A,1003,0.0149144465
A,612,0.014890023
A,764,0.014862476
A,826,0.014857604
A,611,0.014689541
A,194,0.014609559
A,867,0.014572455
A,731,0.014568476
A,605,0.0145192845
A,526,0.01435583
A,600,0.014206638
A,107,0.014120489
A,1051,0.014079802
A,812,0.014013242
A,208,0.013859411
A,505,0.013670066
A,385,0.013654973
A,752,0.013550322
A,809,0.013462828
A,857,0.013288478
A,296,0.013271022
A,170,0.013257291
A,394,0.013205113
A,547,0.013203524
A,777,0.013160774
A,797,0.01308792
A,509,0.013081874
A,714,0.013023719
A,186,0.01300622
A,880,0.0129794795
A,390,0.012978667
A,823,0.01292672
A,1027,0.012920176
A,656,0.01285934
A,1046,0.012744337
A,760,0.012486048
A,566,0.01247725
A,862,0.012466666
A,94,0.012460903
A,515,0.012413942
A,836,0.012335949
A,380,0.012314054
A,669,0.012297739
A,295,0.012294833
A,375,0.012287845
A,504,0.01219357
A,844,0.012176266
A,1021,0.012135789
A,513,0.012096915
A,839,0.011794993
A,754,0.011581315
A,617,0.011542586
A,518,0.011501039
A,724,0.011430683
A,945,0.011391833
A,997,0.011346122
A,822,0.0113339815
A,500,0.0113304285
A,404,0.011253571
A,746,0.0112483995
A,931,0.011216619
A,1072,0.011053911
A,603,0.010950148
A,204,0.010906823
A,1065,0.010733699
A,827,0.010704968
A,940,0.010672672
A,147,0.010598093
A,190,0.010589682
A,1054,0.010587998
A,773,0.010555054
A,734,0.0105079245
A,995,0.01050722
A,937,0.01042726
A,716,0.010406551
A,950,0.010345191
A,1025,0.0101787
A,220,0.010178099
A,668,0.010168194
A,601,0.010110544
A,564,0.010098525
A,726,0.010024624
A,180,0.010011907
A,592,0.009997493
A,381,0.009996902
A,102,0.009916661
A,882,0.009855164
A,925,0.009761183
A,389,0.009725505
A,1029,0.009689305
A,824,0.009576159
A,932,0.009564859
A,943,0.009526278
A,926,0.009521902
A,554,0.009485493
A,878,0.009484172
A,178,0.009480907
A,382,0.009369144
A,616,0.009366534
A,496,0.009266201
A,1024,0.009235028
A,675,0.009202068
A,936,0.00919193
A,665,0.00916556
A,667,0.009156807
A,919,0.009122672
A,757,0.009094129
A,814,0.009069919
A,98,0.00886993
A,506,0.008863095
A,818,0.008787956
A,175,0.008760572
A,1066,0.00874133
A,996,0.008729934
A,109,0.008704063
A,352,0.00860929
A,833,0.0085978005
A,1015,0.008539165
A,843,0.0084398985
A,201,0.008399082
A,719,0.0083838655
A,200,0.008375822
A,725,0.00835135
A,791,0.008342967
A,498,0.008278791
A,193,0.0082236435
A,1048,0.0081363525
A,863,0.008109905
A,497,0.008068675
A,713,0.008050743
A,864,0.008016683
A,1002,0.008003279
A,1017,0.008001794
A,510,0.007966467
A,108,0.007946436
A,207,0.007910512
A,618,0.007898027
A,718,0.007893661
A,1012,0.007874084
A,837,0.007816344
A,672,0.0078040063
A,774,0.0077721695
A,771,0.007664068
A,604,0.007631044
A,97,0.0076192887
A,664,0.0076115294
A,124,0.0075936057
A,944,0.0075499527
A,788,0.0074576642
A,522,0.0074366815
A,911,0.007400968
A,1069,0.007355806
A,808,0.007106969
A,798,0.0070724124
A,206,0.0070292572
A,841,0.007015332
A,291,0.006911548
A,756,0.006854131
A,621,0.0067196367
A,999,0.0067073666
A,209,0.0066902516
A,619,0.006683664
A,865,0.00666547
A,1030,0.006531067
A,681,0.006525389
A,770,0.006485986
A,908,0.00630386
A,922,0.0063014645
A,593,0.0062194266
A,502,0.0061672237
A,793,0.0061175576
A,287,0.0061012506
A,1064,0.006074766
A,745,0.005976114
A,920,0.0059611336
A,789,0.0059334566
A,1067,0.0058866106
A,1016,0.005864802
A,795,0.0057897135
A,720,0.005733138
A,715,0.005715701
A,516,0.0057019508
A,1010,0.005680868
A,499,0.005666022
A,840,0.005587055
A,1000,0.005582683
A,197,0.0054951506
A,683,0.005480636
A,101,0.005387255
A,145,0.0052815294
A,598,0.0052491045
A,403,0.005216106
A,670,0.0051014903
A,1001,0.0050612614
A,1049,0.0049857246
A,998,0.004872231
A,946,0.004823002
A,728,0.0048153386
A,910,0.004687839
A,792,0.004462271
A,816,0.004449841
A,923,0.0043695476
A,615,0.0043636207
A,730,0.0043588895
A,1057,0.0043143868
A,1019,0.004310554
A,1013,0.004309308
A,917,0.004289772
A,1023,0.00426086
A,379,0.0042358832
A,828,0.004233553
A,1058,0.0042288196
A,749,0.004228149
A,933,0.0041657933
A,384,0.0040909206
A,614,0.0040795114
A,1061,0.004073678
A,1059,0.0040119183
A,993,0.004011882
A,93,0.004011023
A,105,0.00400857
A,189,0.0039118254
A,1014,0.003855252
A,623,0.0038490542
A,1062,0.0038055044
A,104,0.0037968536
A,387,0.0037878014
A,503,0.0037390438
A,548,0.0036971346
A,191,0.0036321797
A,391,0.003625771
A,796,0.0036181668
A,879,0.0035808214
A,1005,0.0035521276
A,1018,0.0035466987
A,753,0.0034405831
A,1063,0.0034331162
A,671,0.0034108576
A,1053,0.0033793303
A,685,0.0033083854
A,1009,0.0032576262
A,595,0.0032394906
A,913,0.0031721944
A,767,0.0031552524
A,916,0.0030477932
A,1011,0.0030070178
A,179,0.0029972072
A,395,0.0029696599
A,815,0.0029652892
A,316,0.0029193105
A,912,0.002880751
A,511,0.0028289857
A,1052,0.0028011869
A,1060,0.0027175727
A,507,0.0027042623
A,599,0.0026328757
A,185,0.0025611036
A,205,0.0024528482
A,596,0.0023451855
A,106,0.0023447894
A,729,0.0023400744
A,622,0.002063356
A,95,0.002010212
A,915,0.0019077838
A,188,0.0018417739
A,1026,0.001827829
A,825,0.0017442917
A,914,0.001633904
A,1022,0.0014793475
A,96,0.0013372907
A,388,0.0012318293
A,727,0.0011454833
A,100,0.0011110759
A,684,0.0010572537
A,1056,0.0009906074
A,198,0.0008572412
A,597,0.00083176943
A,99,0.00077786105
A,196,0.00074484834
A,203,0.00069106417
A,192,0.00056730566
A,103,0.00054023735
A,195,0.00033195296
A,202,0.00030083625
