chain,resi,p(bind)
A,125,0.9127378
A,102,0.8879885
A,122,0.866019
A,274,0.81954104
A,302,0.81922984
A,182,0.73646104
A,198,0.7192126
A,129,0.7008436
A,199,0.69712245
A,218,0.6283169
A,298,0.5998667
A,267,0.581697
A,95,0.54675514
A,111,0.53192323
A,197,0.47298056
A,306,0.46780968
A,126,0.43375278
A,316,0.4241269
A,223,0.3972298
A,92,0.38835946
A,106,0.3476564
A,215,0.3428445
A,42,0.33473313
A,128,0.331702
A,270,0.3284928
A,67,0.31457725
A,263,0.29395494
A,196,0.28051054
A,219,0.27806357
A,305,0.2670656
A,105,0.2656326
A,299,0.26445013
A,49,0.26163432
A,211,0.22260289
A,98,0.22216761
A,294,0.2208349
A,186,0.21406963
A,121,0.213759
A,277,0.2101632
A,308,0.20994638
A,271,0.20665261
A,309,0.19603558
A,312,0.18595248
A,53,0.1856028
A,179,0.16877669
A,172,0.16718663
A,201,0.16638549
A,45,0.16234496
A,295,0.16178504
A,281,0.1573247
A,85,0.14836478
A,124,0.14712243
A,259,0.14548533
A,268,0.1383507
A,130,0.1379707
A,99,0.13124658
A,64,0.12481984
A,296,0.12160697
A,127,0.11808974
A,183,0.114851825
A,275,0.113416485
A,191,0.10962619
A,109,0.107715875
A,278,0.10293878
A,178,0.10204287
A,255,0.10203756
A,301,0.10137657
A,132,0.100936934
A,101,0.099092625
A,120,0.09866918
A,283,0.0986166
A,181,0.09856113
A,123,0.09779728
A,256,0.08887084
A,71,0.08736282
A,185,0.08619475
A,288,0.08380745
A,200,0.081186466
A,84,0.07789724
A,88,0.07739513
A,160,0.076967
A,96,0.07404013
A,143,0.07193241
A,303,0.071206324
A,133,0.07117396
A,293,0.07081696
A,251,0.069028705
A,194,0.0687287
A,46,0.06694408
A,273,0.06637573
A,139,0.06616238
A,118,0.065692514
A,304,0.06534473
A,189,0.065216795
A,136,0.06501122
A,252,0.06404352
A,119,0.06402276
A,210,0.062221374
A,79,0.06101283
A,63,0.060693115
A,110,0.05960712
A,113,0.059514116
A,222,0.05940355
A,292,0.058953125
A,70,0.057014536
A,229,0.056628734
A,297,0.056288455
A,212,0.05614148
A,117,0.055537347
A,167,0.054661646
A,214,0.05414306
A,175,0.053506218
A,195,0.053449847
A,234,0.052377056
A,94,0.05233918
A,60,0.05173765
A,266,0.0512148
A,81,0.049742833
A,56,0.049539413
A,192,0.04920092
A,224,0.048731416
A,41,0.04812388
A,225,0.04774386
A,286,0.046358734
A,142,0.04578899
A,300,0.04514182
A,221,0.04325727
A,75,0.04307934
A,291,0.042672087
A,272,0.04231622
A,176,0.042298563
A,310,0.040795717
A,254,0.039902035
A,184,0.039567083
A,313,0.038911164
A,48,0.03724574
A,82,0.036148507
A,157,0.036135715
A,86,0.03583457
A,131,0.035776187
A,89,0.035631977
A,246,0.035595566
A,134,0.03529765
A,262,0.034137364
A,260,0.03338757
A,135,0.03336966
A,44,0.03264628
A,163,0.032049175
A,112,0.03149221
A,165,0.031197015
A,103,0.030892836
A,216,0.029542418
A,87,0.029469041
A,43,0.028806498
A,208,0.02863499
A,276,0.028163344
A,104,0.028110247
A,91,0.027796505
A,149,0.027320355
A,230,0.026776915
A,187,0.026659733
A,156,0.026163762
A,232,0.025968235
A,250,0.025917523
A,307,0.025555655
A,314,0.02520623
A,90,0.024841111
A,226,0.023875307
A,83,0.023438191
A,257,0.023350257
A,180,0.02255225
A,145,0.022196334
A,59,0.021795511
A,318,0.021595476
A,108,0.02062033
A,203,0.020434242
A,315,0.020192893
A,177,0.018739033
A,114,0.018499197
A,161,0.018332895
A,168,0.01832232
A,193,0.018301513
A,115,0.018207848
A,279,0.018112192
A,264,0.018022474
A,171,0.017942904
A,317,0.017901124
A,206,0.017845888
A,164,0.01767272
A,319,0.017538276
A,146,0.017429283
A,280,0.017018678
A,188,0.017006405
A,137,0.016955066
A,287,0.016777214
A,217,0.016509825
A,174,0.016499925
A,289,0.016441166
A,320,0.016095782
A,209,0.015994618
A,57,0.01579851
A,52,0.015765069
A,311,0.015643414
A,253,0.015385648
A,202,0.015089471
A,269,0.015086686
A,213,0.01504812
A,285,0.0149035845
A,220,0.014830164
A,152,0.01478613
A,66,0.014176677
A,236,0.014127274
A,190,0.013985736
A,93,0.013768481
A,76,0.013472287
A,97,0.0131404875
A,100,0.012697051
A,284,0.0126660885
A,204,0.01254576
A,238,0.012519511
A,80,0.012435158
A,138,0.0123267565
A,282,0.012307352
A,169,0.0118953455
A,144,0.011812197
A,78,0.011764624
A,290,0.011703142
A,68,0.011503479
A,47,0.0111035155
A,116,0.011051498
A,54,0.010645628
A,258,0.010396381
A,154,0.01030704
A,159,0.009978769
A,61,0.00983117
A,227,0.009421321
A,155,0.009097383
A,261,0.009078266
A,107,0.009067043
A,265,0.008791786
A,235,0.008536764
A,249,0.008522404
A,207,0.008485444
A,247,0.008468042
A,140,0.0081698885
A,50,0.008079429
A,231,0.007966289
A,141,0.007874583
A,74,0.0074368124
A,239,0.007431731
A,77,0.006741454
A,205,0.006367344
A,147,0.0062573208
A,170,0.0062252237
A,166,0.0060242726
A,237,0.0058502876
A,58,0.0056424704
A,173,0.0052423016
A,241,0.0051225987
A,158,0.00488519
A,150,0.0048372657
A,73,0.0048139407
A,62,0.0043498636
A,148,0.00429729
A,51,0.004113753
A,248,0.0039826804
A,72,0.0038328185
A,153,0.0036545957
A,151,0.0035341005
A,55,0.0033337844
A,162,0.0030558011
A,228,0.0030282366
A,69,0.0030106783
A,233,0.002916101
A,240,0.0023815448
A,65,0.0022201217
A,242,0.0018297536
A,244,0.0010518604
A,243,0.0008021379
A,245,0.0007377941
